Links,DocumentID,From_PDF
https://dash.cloudflare.com/sign-up,https://blog.cloudflare.com/ddos-attack-trends-for-2021-q3,threat-report-24th-march-2023.pdf
https://www.cloudflare.com/plans/enterprise/contact/,https://blog.cloudflare.com/ddos-attack-trends-for-2021-q3,threat-report-24th-march-2023.pdf
tel:+18889935273,https://blog.cloudflare.com/ddos-attack-trends-for-2021-q3,threat-report-24th-march-2023.pdf
/,https://blog.cloudflare.com/ddos-attack-trends-for-2021-q3,threat-report-24th-march-2023.pdf
/,https://blog.cloudflare.com/ddos-attack-trends-for-2021-q3,threat-report-24th-march-2023.pdf
/search/,https://blog.cloudflare.com/ddos-attack-trends-for-2021-q3,threat-report-24th-march-2023.pdf
/tag/product-news/,https://blog.cloudflare.com/ddos-attack-trends-for-2021-q3,threat-report-24th-march-2023.pdf
/tag/speed-and-reliability/,https://blog.cloudflare.com/ddos-attack-trends-for-2021-q3,threat-report-24th-march-2023.pdf
/tag/security/,https://blog.cloudflare.com/ddos-attack-trends-for-2021-q3,threat-report-24th-march-2023.pdf
/tag/serverless/,https://blog.cloudflare.com/ddos-attack-trends-for-2021-q3,threat-report-24th-march-2023.pdf
/tag/zero-trust/,https://blog.cloudflare.com/ddos-attack-trends-for-2021-q3,threat-report-24th-march-2023.pdf
/tag/developers/,https://blog.cloudflare.com/ddos-attack-trends-for-2021-q3,threat-report-24th-march-2023.pdf
/tag/deep-dive/,https://blog.cloudflare.com/ddos-attack-trends-for-2021-q3,threat-report-24th-march-2023.pdf
/tag/life-at-cloudflare/,https://blog.cloudflare.com/ddos-attack-trends-for-2021-q3,threat-report-24th-march-2023.pdf
/tag/product-news/,https://blog.cloudflare.com/ddos-attack-trends-for-2021-q3,threat-report-24th-march-2023.pdf
/tag/speed-and-reliability/,https://blog.cloudflare.com/ddos-attack-trends-for-2021-q3,threat-report-24th-march-2023.pdf
/tag/security/,https://blog.cloudflare.com/ddos-attack-trends-for-2021-q3,threat-report-24th-march-2023.pdf
/tag/serverless/,https://blog.cloudflare.com/ddos-attack-trends-for-2021-q3,threat-report-24th-march-2023.pdf
/tag/zero-trust/,https://blog.cloudflare.com/ddos-attack-trends-for-2021-q3,threat-report-24th-march-2023.pdf
/tag/developers/,https://blog.cloudflare.com/ddos-attack-trends-for-2021-q3,threat-report-24th-march-2023.pdf
/tag/deep-dive/,https://blog.cloudflare.com/ddos-attack-trends-for-2021-q3,threat-report-24th-march-2023.pdf
/tag/life-at-cloudflare/,https://blog.cloudflare.com/ddos-attack-trends-for-2021-q3,threat-report-24th-march-2023.pdf
/search/,https://blog.cloudflare.com/ddos-attack-trends-for-2021-q3,threat-report-24th-march-2023.pdf
/author/vivek,https://blog.cloudflare.com/ddos-attack-trends-for-2021-q3,threat-report-24th-march-2023.pdf
/author/vivek,https://blog.cloudflare.com/ddos-attack-trends-for-2021-q3,threat-report-24th-march-2023.pdf
/author/omer,https://blog.cloudflare.com/ddos-attack-trends-for-2021-q3,threat-report-24th-march-2023.pdf
/author/omer,https://blog.cloudflare.com/ddos-attack-trends-for-2021-q3,threat-report-24th-march-2023.pdf
https://blog.cloudflare.com/zh-cn/ddos-attack-trends-for-2021-q3-zh-cn/,https://blog.cloudflare.com/ddos-attack-trends-for-2021-q3,threat-report-24th-march-2023.pdf
https://blog.cloudflare.com/ko-kr/ddos-attack-trends-for-2021-q3-ko-kr/,https://blog.cloudflare.com/ddos-attack-trends-for-2021-q3,threat-report-24th-march-2023.pdf
https://blog.cloudflare.com/de-de/ddos-attack-trends-for-2021-q3-de-de/,https://blog.cloudflare.com/ddos-attack-trends-for-2021-q3,threat-report-24th-march-2023.pdf
https://blog.cloudflare.com/fr-fr/ddos-attack-trends-for-2021-q3-fr-fr/,https://blog.cloudflare.com/ddos-attack-trends-for-2021-q3,threat-report-24th-march-2023.pdf
https://blog.cloudflare.com/zh-tw/ddos-attack-trends-for-2021-q3-zh-tw/,https://blog.cloudflare.com/ddos-attack-trends-for-2021-q3,threat-report-24th-march-2023.pdf
https://blog.cloudflare.com/ja-jp/ddos-attack-trends-for-2021-q3-ja-jp/,https://blog.cloudflare.com/ddos-attack-trends-for-2021-q3,threat-report-24th-march-2023.pdf
https://blog.cloudflare.com/cloudflare-thwarts-17-2m-rps-ddos-attack-the-largest-ever-reported/,https://blog.cloudflare.com/ddos-attack-trends-for-2021-q3,threat-report-24th-march-2023.pdf
https://blog.cloudflare.com/cloudflare-thwarts-17-2m-rps-ddos-attack-the-largest-ever-reported/#:~:text=with%20a%20max%20peak%20of%20approximately%201.2%20Tbps,https://blog.cloudflare.com/ddos-attack-trends-for-2021-q3,threat-report-24th-march-2023.pdf
https://blog.cloudflare.com/meris-botnet/,https://blog.cloudflare.com/ddos-attack-trends-for-2021-q3,threat-report-24th-march-2023.pdf
https://blog.cloudflare.com/update-on-voip-attacks/,https://blog.cloudflare.com/ddos-attack-trends-for-2021-q3,threat-report-24th-march-2023.pdf
https://blog.cloudflare.com/attacks-on-voip-providers/,https://blog.cloudflare.com/ddos-attack-trends-for-2021-q3,threat-report-24th-march-2023.pdf
https://en.wikipedia.org/wiki/Datagram_Transport_Layer_Security,https://blog.cloudflare.com/ddos-attack-trends-for-2021-q3,threat-report-24th-march-2023.pdf
https://www.cloudflare.com/learning/ddos/application-layer-ddos-attack/,https://blog.cloudflare.com/ddos-attack-trends-for-2021-q3,threat-report-24th-march-2023.pdf
https://blog.cloudflare.com/cloudflare-thwarts-17-2m-rps-ddos-attack-the-largest-ever-reported/,https://blog.cloudflare.com/ddos-attack-trends-for-2021-q3,threat-report-24th-march-2023.pdf
https://www.cloudflare.com/learning/ddos/glossary/mirai-botnet/,https://blog.cloudflare.com/ddos-attack-trends-for-2021-q3,threat-report-24th-march-2023.pdf
https://en.wikipedia.org/wiki/DDoS_attack_on_Dyn,https://blog.cloudflare.com/ddos-attack-trends-for-2021-q3,threat-report-24th-march-2023.pdf
https://www.cloudflare.com/learning/ddos/glossary/ip-spoofing/,https://blog.cloudflare.com/ddos-attack-trends-for-2021-q3,threat-report-24th-march-2023.pdf
https://www.cloudflare.com/learning/ddos/glossary/open-systems-interconnection-model-osi/,https://blog.cloudflare.com/ddos-attack-trends-for-2021-q3,threat-report-24th-march-2023.pdf
https://www.cloudflare.com/learning/ddos/layer-3-ddos-attacks/,https://blog.cloudflare.com/ddos-attack-trends-for-2021-q3,threat-report-24th-march-2023.pdf
https://www.cloudflare.com/magic-transit/,https://blog.cloudflare.com/ddos-attack-trends-for-2021-q3,threat-report-24th-march-2023.pdf
https://www.cloudflare.com/products/cloudflare-spectrum/,https://blog.cloudflare.com/ddos-attack-trends-for-2021-q3,threat-report-24th-march-2023.pdf
https://blog.cloudflare.com/deep-dive-cloudflare-autonomous-edge-ddos-protection/,https://blog.cloudflare.com/ddos-attack-trends-for-2021-q3,threat-report-24th-march-2023.pdf
https://www.cloudflare.com/learning/ddos/syn-flood-ddos-attack/,https://blog.cloudflare.com/ddos-attack-trends-for-2021-q3,threat-report-24th-march-2023.pdf
https://en.wikipedia.org/wiki/Datagram_Transport_Layer_Security,https://blog.cloudflare.com/ddos-attack-trends-for-2021-q3,threat-report-24th-march-2023.pdf
https://www.cloudflare.com/learning/ssl/transport-layer-security-tls/,https://blog.cloudflare.com/ddos-attack-trends-for-2021-q3,threat-report-24th-march-2023.pdf
https://openvpn.net/faq/what-is-tcp-meltdown/,https://blog.cloudflare.com/ddos-attack-trends-for-2021-q3,threat-report-24th-march-2023.pdf
https://www.cloudflare.com/learning/ddos/glossary/ip-spoofing/,https://blog.cloudflare.com/ddos-attack-trends-for-2021-q3,threat-report-24th-march-2023.pdf
https://www.cloudflare.com/network,https://blog.cloudflare.com/ddos-attack-trends-for-2021-q3,threat-report-24th-march-2023.pdf
https://radar.cloudflare.com/notebooks/ddos-2021-q3#network-layer-ddos-attacks-by-country,https://blog.cloudflare.com/ddos-attack-trends-for-2021-q3,threat-report-24th-march-2023.pdf
https://blog.cloudflare.com/attacks-on-voip-providers/,https://blog.cloudflare.com/ddos-attack-trends-for-2021-q3,threat-report-24th-march-2023.pdf
https://blog.cloudflare.com/update-on-voip-attacks/,https://blog.cloudflare.com/ddos-attack-trends-for-2021-q3,threat-report-24th-march-2023.pdf
https://www.cloudflare.com/learning/security/api/what-is-an-api-gateway/,https://blog.cloudflare.com/ddos-attack-trends-for-2021-q3,threat-report-24th-march-2023.pdf
https://www.cloudflare.com/learning/security/ransomware/what-is-ransomware/,https://blog.cloudflare.com/ddos-attack-trends-for-2021-q3,threat-report-24th-march-2023.pdf
https://www.cloudflare.com/learning/ddos/ransom-ddos-attack/,https://blog.cloudflare.com/ddos-attack-trends-for-2021-q3,threat-report-24th-march-2023.pdf
https://www.cloudflare.com/learning/access-management/what-is-dns-filtering/,https://blog.cloudflare.com/ddos-attack-trends-for-2021-q3,threat-report-24th-march-2023.pdf
https://www.cloudflare.com/teams/browser-isolation/,https://blog.cloudflare.com/ddos-attack-trends-for-2021-q3,threat-report-24th-march-2023.pdf
https://www.cloudflare.com/learning/security/glossary/what-is-zero-trust/,https://blog.cloudflare.com/ddos-attack-trends-for-2021-q3,threat-report-24th-march-2023.pdf
https://www.cloudflare.com/learning/security/ransomware/how-to-prevent-ransomware/,https://blog.cloudflare.com/ddos-attack-trends-for-2021-q3,threat-report-24th-march-2023.pdf
https://www.cloudflare.com/magic-transit/,https://blog.cloudflare.com/ddos-attack-trends-for-2021-q3,threat-report-24th-march-2023.pdf
https://www.cloudflare.com/learning/ddos/how-to-prevent-ddos-attacks/,https://blog.cloudflare.com/ddos-attack-trends-for-2021-q3,threat-report-24th-march-2023.pdf
https://blog.cloudflare.com/unmetered-mitigation/,https://blog.cloudflare.com/ddos-attack-trends-for-2021-q3,threat-report-24th-march-2023.pdf
https://www.cloudflare.com/ddos/,https://blog.cloudflare.com/ddos-attack-trends-for-2021-q3,threat-report-24th-march-2023.pdf
https://www.cloudflare.com/security/,https://blog.cloudflare.com/ddos-attack-trends-for-2021-q3,threat-report-24th-march-2023.pdf
https://www.cloudflare.com/ddos,https://blog.cloudflare.com/ddos-attack-trends-for-2021-q3,threat-report-24th-march-2023.pdf
https://www.cloudflare.com/network-services/,https://blog.cloudflare.com/ddos-attack-trends-for-2021-q3,threat-report-24th-march-2023.pdf
https://dash.cloudflare.com,https://blog.cloudflare.com/ddos-attack-trends-for-2021-q3,threat-report-24th-march-2023.pdf
https://www.cloudflare.com/enterprise,https://blog.cloudflare.com/ddos-attack-trends-for-2021-q3,threat-report-24th-march-2023.pdf
https://www.cloudflare.com/network-services/,https://blog.cloudflare.com/ddos-attack-trends-for-2021-q3,threat-report-24th-march-2023.pdf
https://workers.cloudflare.com/,https://blog.cloudflare.com/ddos-attack-trends-for-2021-q3,threat-report-24th-march-2023.pdf
https://www.cloudflare.com/performance/accelerate-internet-applications/,https://blog.cloudflare.com/ddos-attack-trends-for-2021-q3,threat-report-24th-march-2023.pdf
https://www.cloudflare.com/ddos/,https://blog.cloudflare.com/ddos-attack-trends-for-2021-q3,threat-report-24th-march-2023.pdf
https://www.cloudflare.com/application-security/,https://blog.cloudflare.com/ddos-attack-trends-for-2021-q3,threat-report-24th-march-2023.pdf
https://www.cloudflare.com/products/zero-trust/,https://blog.cloudflare.com/ddos-attack-trends-for-2021-q3,threat-report-24th-march-2023.pdf
https://one.one.one.one/,https://blog.cloudflare.com/ddos-attack-trends-for-2021-q3,threat-report-24th-march-2023.pdf
https://www.cloudflare.com/learning/what-is-cloudflare/,https://blog.cloudflare.com/ddos-attack-trends-for-2021-q3,threat-report-24th-march-2023.pdf
https://www.cloudflare.com/careers,https://blog.cloudflare.com/ddos-attack-trends-for-2021-q3,threat-report-24th-march-2023.pdf
https://news.ycombinator.com/submitlink?u=https://blog.cloudflare.com/ddos-attack-trends-for-2021-q3,https://blog.cloudflare.com/ddos-attack-trends-for-2021-q3,threat-report-24th-march-2023.pdf
/tag/ddos,https://blog.cloudflare.com/ddos-attack-trends-for-2021-q3,threat-report-24th-march-2023.pdf
/tag/attacks,https://blog.cloudflare.com/ddos-attack-trends-for-2021-q3,threat-report-24th-march-2023.pdf
/tag/cloudflare-radar,https://blog.cloudflare.com/ddos-attack-trends-for-2021-q3,threat-report-24th-march-2023.pdf
/tag/rddos,https://blog.cloudflare.com/ddos-attack-trends-for-2021-q3,threat-report-24th-march-2023.pdf
/tag/revil,https://blog.cloudflare.com/ddos-attack-trends-for-2021-q3,threat-report-24th-march-2023.pdf
/tag/voip,https://blog.cloudflare.com/ddos-attack-trends-for-2021-q3,threat-report-24th-march-2023.pdf
/tag/meris,https://blog.cloudflare.com/ddos-attack-trends-for-2021-q3,threat-report-24th-march-2023.pdf
/tag/ddos-reports,https://blog.cloudflare.com/ddos-attack-trends-for-2021-q3,threat-report-24th-march-2023.pdf
/tag/ransom-attacks,https://blog.cloudflare.com/ddos-attack-trends-for-2021-q3,threat-report-24th-march-2023.pdf
https://twitter.com/@VivekGanti,https://blog.cloudflare.com/ddos-attack-trends-for-2021-q3,threat-report-24th-march-2023.pdf
https://twitter.com/@OmerYoahimik,https://blog.cloudflare.com/ddos-attack-trends-for-2021-q3,threat-report-24th-march-2023.pdf
https://twitter.com/@cloudflare,https://blog.cloudflare.com/ddos-attack-trends-for-2021-q3,threat-report-24th-march-2023.pdf
/ddos-threat-report-2023-q4,https://blog.cloudflare.com/ddos-attack-trends-for-2021-q3,threat-report-24th-march-2023.pdf
/author/omer,https://blog.cloudflare.com/ddos-attack-trends-for-2021-q3,threat-report-24th-march-2023.pdf
/author/jorge,https://blog.cloudflare.com/ddos-attack-trends-for-2021-q3,threat-report-24th-march-2023.pdf
/tag/ddos,https://blog.cloudflare.com/ddos-attack-trends-for-2021-q3,threat-report-24th-march-2023.pdf
/tag/attacks,https://blog.cloudflare.com/ddos-attack-trends-for-2021-q3,threat-report-24th-march-2023.pdf
/tag/cloudflare-radar,https://blog.cloudflare.com/ddos-attack-trends-for-2021-q3,threat-report-24th-march-2023.pdf
/tag/ddos-reports,https://blog.cloudflare.com/ddos-attack-trends-for-2021-q3,threat-report-24th-march-2023.pdf
/tag/insights,https://blog.cloudflare.com/ddos-attack-trends-for-2021-q3,threat-report-24th-march-2023.pdf
/tag/trends,https://blog.cloudflare.com/ddos-attack-trends-for-2021-q3,threat-report-24th-march-2023.pdf
/tag/black-friday,https://blog.cloudflare.com/ddos-attack-trends-for-2021-q3,threat-report-24th-march-2023.pdf
/tag/dns,https://blog.cloudflare.com/ddos-attack-trends-for-2021-q3,threat-report-24th-march-2023.pdf
/tag/china,https://blog.cloudflare.com/ddos-attack-trends-for-2021-q3,threat-report-24th-march-2023.pdf
/tag/israel,https://blog.cloudflare.com/ddos-attack-trends-for-2021-q3,threat-report-24th-march-2023.pdf
/tag/operation-iron-swords,https://blog.cloudflare.com/ddos-attack-trends-for-2021-q3,threat-report-24th-march-2023.pdf
/tag/palestinian-territories,https://blog.cloudflare.com/ddos-attack-trends-for-2021-q3,threat-report-24th-march-2023.pdf
/cyber-week-analyzing-internet-traffic-and-e-commerce-trends,https://blog.cloudflare.com/ddos-attack-trends-for-2021-q3,threat-report-24th-march-2023.pdf
/author/joao-tome,https://blog.cloudflare.com/ddos-attack-trends-for-2021-q3,threat-report-24th-march-2023.pdf
/tag/cloudflare-radar,https://blog.cloudflare.com/ddos-attack-trends-for-2021-q3,threat-report-24th-march-2023.pdf
/tag/trends,https://blog.cloudflare.com/ddos-attack-trends-for-2021-q3,threat-report-24th-march-2023.pdf
/tag/ddos,https://blog.cloudflare.com/ddos-attack-trends-for-2021-q3,threat-report-24th-march-2023.pdf
/tag/ecommerce,https://blog.cloudflare.com/ddos-attack-trends-for-2021-q3,threat-report-24th-march-2023.pdf
/do-hackers-eat-turkey-and-other-thanksgiving-internet-trends,https://blog.cloudflare.com/ddos-attack-trends-for-2021-q3,threat-report-24th-march-2023.pdf
/author/joao-tome,https://blog.cloudflare.com/ddos-attack-trends-for-2021-q3,threat-report-24th-march-2023.pdf
/tag/thanksgiving,https://blog.cloudflare.com/ddos-attack-trends-for-2021-q3,threat-report-24th-march-2023.pdf
/tag/cloudflare-radar,https://blog.cloudflare.com/ddos-attack-trends-for-2021-q3,threat-report-24th-march-2023.pdf
/tag/internet-traffic,https://blog.cloudflare.com/ddos-attack-trends-for-2021-q3,threat-report-24th-march-2023.pdf
/tag/trends,https://blog.cloudflare.com/ddos-attack-trends-for-2021-q3,threat-report-24th-march-2023.pdf
/tag/ddos,https://blog.cloudflare.com/ddos-attack-trends-for-2021-q3,threat-report-24th-march-2023.pdf
/tag/email,https://blog.cloudflare.com/ddos-attack-trends-for-2021-q3,threat-report-24th-march-2023.pdf
/ddos-threat-report-2023-q3,https://blog.cloudflare.com/ddos-attack-trends-for-2021-q3,threat-report-24th-march-2023.pdf
/author/omer,https://blog.cloudflare.com/ddos-attack-trends-for-2021-q3,threat-report-24th-march-2023.pdf
/author/jorge,https://blog.cloudflare.com/ddos-attack-trends-for-2021-q3,threat-report-24th-march-2023.pdf
/tag/ddos,https://blog.cloudflare.com/ddos-attack-trends-for-2021-q3,threat-report-24th-march-2023.pdf
/tag/attacks,https://blog.cloudflare.com/ddos-attack-trends-for-2021-q3,threat-report-24th-march-2023.pdf
/tag/cloudflare-radar,https://blog.cloudflare.com/ddos-attack-trends-for-2021-q3,threat-report-24th-march-2023.pdf
/tag/ddos-reports,https://blog.cloudflare.com/ddos-attack-trends-for-2021-q3,threat-report-24th-march-2023.pdf
/tag/insights,https://blog.cloudflare.com/ddos-attack-trends-for-2021-q3,threat-report-24th-march-2023.pdf
/tag/trends,https://blog.cloudflare.com/ddos-attack-trends-for-2021-q3,threat-report-24th-march-2023.pdf
/tag/http2,https://blog.cloudflare.com/ddos-attack-trends-for-2021-q3,threat-report-24th-march-2023.pdf
/tag/rapid-reset,https://blog.cloudflare.com/ddos-attack-trends-for-2021-q3,threat-report-24th-march-2023.pdf
https://www.cloudflare.com/plans/enterprise/contact/,https://blog.cloudflare.com/ddos-attack-trends-for-2021-q3,threat-report-24th-march-2023.pdf
https://www.cloudflare.com/partners/,https://blog.cloudflare.com/ddos-attack-trends-for-2021-q3,threat-report-24th-march-2023.pdf
https://www.cloudflare.com/plans/enterprise/contact/,https://blog.cloudflare.com/ddos-attack-trends-for-2021-q3,threat-report-24th-march-2023.pdf
tel:+18889935273,https://blog.cloudflare.com/ddos-attack-trends-for-2021-q3,threat-report-24th-march-2023.pdf
tel:+16503198930,https://blog.cloudflare.com/ddos-attack-trends-for-2021-q3,threat-report-24th-march-2023.pdf
https://www.cloudflare.com/plans/,https://blog.cloudflare.com/ddos-attack-trends-for-2021-q3,threat-report-24th-march-2023.pdf
https://www.cloudflare.com/case-studies/,https://blog.cloudflare.com/ddos-attack-trends-for-2021-q3,threat-report-24th-march-2023.pdf
https://www.cloudflare.com/resources/,https://blog.cloudflare.com/ddos-attack-trends-for-2021-q3,threat-report-24th-march-2023.pdf
https://www.cloudflare.com/webinars/,https://blog.cloudflare.com/ddos-attack-trends-for-2021-q3,threat-report-24th-march-2023.pdf
https://www.cloudflare.com/learning/,https://blog.cloudflare.com/ddos-attack-trends-for-2021-q3,threat-report-24th-march-2023.pdf
https://community.cloudflare.com,https://blog.cloudflare.com/ddos-attack-trends-for-2021-q3,threat-report-24th-march-2023.pdf
https://www.cloudflare.com/galileo/,https://blog.cloudflare.com/ddos-attack-trends-for-2021-q3,threat-report-24th-march-2023.pdf
https://www.cloudflare.com/athenian/,https://blog.cloudflare.com/ddos-attack-trends-for-2021-q3,threat-report-24th-march-2023.pdf
https://cloudflare.tv/,https://blog.cloudflare.com/ddos-attack-trends-for-2021-q3,threat-report-24th-march-2023.pdf
https://developers.cloudflare.com,https://blog.cloudflare.com/ddos-attack-trends-for-2021-q3,threat-report-24th-march-2023.pdf
https://discord.cloudflare.com,https://blog.cloudflare.com/ddos-attack-trends-for-2021-q3,threat-report-24th-march-2023.pdf
https://www.cloudflare.com/products/cloudflare-workers/,https://blog.cloudflare.com/ddos-attack-trends-for-2021-q3,threat-report-24th-march-2023.pdf
https://www.cloudflare.com/integrations/,https://blog.cloudflare.com/ddos-attack-trends-for-2021-q3,threat-report-24th-march-2023.pdf
https://radar.cloudflare.com/,https://blog.cloudflare.com/ddos-attack-trends-for-2021-q3,threat-report-24th-march-2023.pdf
https://speed.cloudflare.com/,https://blog.cloudflare.com/ddos-attack-trends-for-2021-q3,threat-report-24th-march-2023.pdf
https://isbgpsafeyet.com/,https://blog.cloudflare.com/ddos-attack-trends-for-2021-q3,threat-report-24th-march-2023.pdf
https://rpki.cloudflare.com/,https://blog.cloudflare.com/ddos-attack-trends-for-2021-q3,threat-report-24th-march-2023.pdf
https://ct.cloudflare.com/,https://blog.cloudflare.com/ddos-attack-trends-for-2021-q3,threat-report-24th-march-2023.pdf
https://support.cloudflare.com,https://blog.cloudflare.com/ddos-attack-trends-for-2021-q3,threat-report-24th-march-2023.pdf
https://www.cloudflarestatus.com,https://blog.cloudflare.com/ddos-attack-trends-for-2021-q3,threat-report-24th-march-2023.pdf
https://www.cloudflare.com/compliance/,https://blog.cloudflare.com/ddos-attack-trends-for-2021-q3,threat-report-24th-march-2023.pdf
https://www.cloudflare.com/gdpr/introduction/,https://blog.cloudflare.com/ddos-attack-trends-for-2021-q3,threat-report-24th-march-2023.pdf
https://www.cloudflare.com/about-overview/,https://blog.cloudflare.com/ddos-attack-trends-for-2021-q3,threat-report-24th-march-2023.pdf
https://www.cloudflare.com/people/,https://blog.cloudflare.com/ddos-attack-trends-for-2021-q3,threat-report-24th-march-2023.pdf
https://www.cloudflare.com/press/,https://blog.cloudflare.com/ddos-attack-trends-for-2021-q3,threat-report-24th-march-2023.pdf
https://www.cloudflare.com/analysts/,https://blog.cloudflare.com/ddos-attack-trends-for-2021-q3,threat-report-24th-march-2023.pdf
https://www.cloudflare.com/careers/,https://blog.cloudflare.com/ddos-attack-trends-for-2021-q3,threat-report-24th-march-2023.pdf
https://www.cloudflare.com/logo/,https://blog.cloudflare.com/ddos-attack-trends-for-2021-q3,threat-report-24th-march-2023.pdf
https://www.cloudflare.com/network/,https://blog.cloudflare.com/ddos-attack-trends-for-2021-q3,threat-report-24th-march-2023.pdf
https://www.facebook.com/Cloudflare/,https://blog.cloudflare.com/ddos-attack-trends-for-2021-q3,threat-report-24th-march-2023.pdf
https://twitter.com/Cloudflare,https://blog.cloudflare.com/ddos-attack-trends-for-2021-q3,threat-report-24th-march-2023.pdf
https://www.linkedin.com/company/cloudflare,https://blog.cloudflare.com/ddos-attack-trends-for-2021-q3,threat-report-24th-march-2023.pdf
https://www.youtube.com/cloudflare,https://blog.cloudflare.com/ddos-attack-trends-for-2021-q3,threat-report-24th-march-2023.pdf
https://www.instagram.com/cloudflare,https://blog.cloudflare.com/ddos-attack-trends-for-2021-q3,threat-report-24th-march-2023.pdf
https://www.cloudflare.com/privacypolicy/,https://blog.cloudflare.com/ddos-attack-trends-for-2021-q3,threat-report-24th-march-2023.pdf
https://www.cloudflare.com/website-terms/,https://blog.cloudflare.com/ddos-attack-trends-for-2021-q3,threat-report-24th-march-2023.pdf
#cookie-settings,https://blog.cloudflare.com/ddos-attack-trends-for-2021-q3,threat-report-24th-march-2023.pdf
https://www.cloudflare.com/abuse/,https://blog.cloudflare.com/ddos-attack-trends-for-2021-q3,threat-report-24th-march-2023.pdf
https://www.cloudflare.com/trademark/,https://blog.cloudflare.com/ddos-attack-trends-for-2021-q3,threat-report-24th-march-2023.pdf
